199|484154
439|428233
483|523176
513|720991
8182|337804
8423|471797
8556|448756
8592|18754
8622|590626
8640|48436
8690|599170
8726|1369158
750|113433
1100|244413
1103|217118
1137|818777
1139|588474
1256|446371
1509|604376
1522|624773
1596|398516
1633|457312
6535|116391
6544|55926
6559|48246
6915|322801
6975|461411
6993|1528844
7024|665369
7027|579351
7079|305564
7097|652362
7200|320818
7200|410949
7201|304232
7255|160306
7459|3000
7484|462655
7581|1529852
7632|109397
7701|282121
7757|388392
7818|598988
7842|531012
7868|318855
7868|682898
7927|205598
1877|173964
1877|197610
1919|412502
1991|406885
2099|407443
2322|846665
2322|1148150
2650|240611
2674|165075
3036|415310
3069|525765
3138|402489
3150|60096
3407|638843
3471|60252
8050|316520
3753|161141
3763|399375
3855|343381
3861|43747
3904|52751
3908|624773
4027|583372
4064|179673
4120|381791
4438|39087
4438|324486
4438|577671
4438|587864
4692|660466
4702|96183
4730|1148150
4736|407940
4804|122157
4863|49690
8838|648293
8954|165626
9019|404046
9033|71207
9123|215289
9217|427748
9237|356801
9285|546985
9344|419171
5032|641113
5154|367595
5154|593305
5174|557684
5216|191300
5351|293285
5369|338214
5402|653715
5403|134577
5537|258503
5537|565044
5538|105933
5546|33904
5658|420281
5661|49825
5775|353842
5898|270822
5936|522016
6100|486214
6108|12614
6137|489024
6147|284878
6177|51197
6241|233172
6286|485157
6394|238266
6398|73813
9540|200966
9547|249493
9581|581442
14882|556538
14926|561478
9583|496950
9647|764484
9751|394440
9757|415310
9804|451029
9915|809425
10096|1338644
10107|648293
10197|692084
10269|58484
10286|85278
10321|557306
10439|448589
10470|561614
10517|807834
10541|1069475
10612|252012
10625|120813
10657|186301
10684|573467
16502|511473
16533|1343744
16574|486922
11058|165894
11070|541305
11163|265290
11465|514938
11646|397807
11858|337433
11972|783878
11996|442330
12004|297364
12107|287677
12114|222346
12138|80127
12303|597716
12303|607543
15091|589412
15183|32243
15244|248995
15264|101686
15304|3989
15408|340162
15411|240037
15514|662239
15521|355129
15564|389540
15694|140427
15703|640477
15752|51968
12345|171492
12528|117244
12645|313404
12654|13709
12654|516060
12654|599938
12763|223162
12912|236530
12912|431996
13071|412569
13178|208604
13288|350513
13369|500416
13453|681319
13453|936981
13505|134699
13515|381705
13526|230083
13550|427312
15795|458474
15918|545973
15968|150985
16119|88016
16182|129156
16234|26850
16269|17230
16423|739003
16461|237408
16462|49696
16481|296313
13736|1284577
13834|161794
13842|580316
13856|1148150
13856|1585054
13884|249355
13892|363264
13897|387452
14141|122791
14321|679478
14357|407150
14357|416677
14357|514862
14357|596567
14414|77059
14454|238223
14589|200579
14589|693519
14597|620256
14601|764484
14660|530724
14764|301841
14836|1559822
23468|231219
23682|56994
23742|648954
23742|669495
23789|625911
23946|214081
23951|574763
24015|122701
16712|127066
16791|1148150
16798|566952
16851|209069
16905|518136
16920|694022
16930|25848
16968|80342
16973|137566
17050|124421
17084|652163
17279|676699
17433|251698
17510|305221
17544|156397
17544|161766
17544|616946
17700|384968
17770|10621
17826|497333
17879|21124
21925|476742
21925|1046059
22049|243275
22097|324851
22214|155685
22413|1075083
22455|102189
22488|55889
22489|2774
22567|508144
22607|557472
22621|1075083
22638|415310
18231|1148150
18343|470213
18357|1112279
18689|110764
18713|1107922
18874|614174
18880|244718
18883|426996
18888|149693
19090|172953
19175|70686
19281|65449
19281|81214
19281|366045
19281|517348
19281|533070
22653|72153
23026|161141
23038|235777
23038|558480
23124|134715
23306|1453763
19333|555853
19390|215375
19479|505735
19507|463600
19567|320307
19593|304898
19713|198454
19805|169205
19855|78416
19862|21124
19970|66737
19978|697732
19994|165607
20082|965771
20108|458474
20128|593026
20168|117616
20173|411362
20175|221795
20322|173072
20330|9952
20330|355129
20332|392663
20390|449655
20465|268949
20472|477113
20511|514114
20602|669959
20700|95501
20721|60762
20755|256220
20826|355129
20873|516172
20899|439865
20997|183261
21101|99598
21111|105018
21111|453527
21114|436637
21174|1055369
21192|323189
21244|725254
21248|64115
21293|546846
21305|92251
21331|491065
21352|501852
21482|596049
21702|270674
21744|563116
21763|453811
21764|400173
21810|528707
21841|123570
24222|633553
24343|242973
24359|21567
24548|584473
24812|617246
30075|523691
30163|1442044
30261|1112279
30281|565464
30336|395939
30435|369069
30435|424516
30524|147046
24927|563930
24968|309047
25142|600949
25142|854659
25213|585165
25226|487196
25236|128677
25236|1442044
25240|285281
25352|227535
25515|242104
25572|361473
25700|548571
25701|424108
25722|677216
25890|121710
26072|390950
30721|358331
30761|476857
26236|654916
26255|291484
26539|1008184
26540|1008184
26608|469582
26610|470496
26802|1476812
26840|729871
26890|914
26890|524350
26992|692579
27030|34092
27066|519491
27363|67064
31700|523172
31762|495102
31769|478578
31770|478578
31940|597628
32058|1562830
32060|565933
32147|511819
32170|781008
32177|266565
32269|322844
27526|26000
27589|595350
27649|454655
27702|586288
27717|139268
27974|597601
28091|155034
28175|573177
28176|624773
28212|5738
28212|155990
28216|108423
28319|380742
28538|715996
28543|1108172
28603|424187
28857|15543
28875|271925
28942|514975
30879|32953
30897|377644
30905|252263
30990|65615
30998|569308
31096|454655
31099|106099
31419|517016
31424|177405
31467|17434
31520|72237
31523|412944
31524|412944
29048|640817
29097|552476
29274|240003
29322|390479
29351|474775
29387|1148150
29413|206439
29476|275307
29515|268441
29515|312116
29597|651225
29670|6660
29678|1515861
29679|272873
29872|362094
32302|333045
32310|155685
38042|143832
38084|82975
32499|484079
32600|114605
32663|686402
32716|275307
32877|529108
32972|114206
32978|204626
33008|780479
33022|204626
33030|152304
33033|597229
33300|522558
33303|296276
33343|541412
33367|352578
33382|648666
33536|447328
33628|462531
33680|535598
33886|906411
39401|64729
39410|508400
39452|546985
33949|219422
34039|549821
34051|238027
34092|98908
34102|1060769
34131|480447
34158|274488
34230|322613
34342|536235
34422|454655
34430|37176
34430|596836
34527|130872
34569|561959
34643|248948
34643|257048
34643|423396
34643|567902
34656|338852
34845|584284
34931|680100
34953|346468
34956|110151
35037|521041
35071|506261
38084|255886
38084|383274
38168|590200
38243|428902
38326|340146
38660|537358
38685|1428538
35140|244381
35215|400611
35270|607376
35288|120394
35310|567383
35450|579896
35470|193010
35471|1311280
35603|100803
35715|453263
35750|565490
35750|589596
35853|581442
35883|585763
35902|452762
36074|86149
36115|596229
36129|3841
36182|383330
36219|322613
36232|95615
36232|570568
36244|245077
36615|528365
38737|498904
38837|44842
38863|66268
38881|384106
39015|318191
39055|136414
39124|227401
39231|429645
39235|67221
36636|502858
36672|235394
36735|653735
36810|172049
36863|541644
36905|1314306
36918|537578
37034|393056
37130|198982
37134|368446
37172|232725
37213|414959
37350|134998
37407|273655
37535|243590
37537|906102
37604|80918
37715|241367
37938|326415
37990|134699
46694|256876
46737|515875
46743|451998
46777|565019
46851|613232
46956|650200
47045|540577
47175|19592
47193|247465
47206|436742
47264|249239
47277|143069
47277|204054
47277|534383
47308|415945
39501|506783
39567|525222
39640|24875
39640|507716
39640|567126
39640|666537
39680|440962
39840|210902
39955|252091
39982|640576
40004|225607
40024|439486
40111|336896
40278|152372
40289|520765
40289|595131
40511|529058
45392|322008
45392|358267
45431|76451
45503|205444
45542|496830
45551|482545
45619|114810
45753|326994
45798|215213
45837|84012
40539|183833
40596|21787
40637|860181
40672|579607
40712|201007
40728|694466
40928|392623
40978|542411
41065|271054
41141|70948
41219|59291
41237|271271
41339|123525
41358|185168
41360|168900
41459|530711
41473|230322
41524|505395
41697|353585
41699|50815
41752|165343
41759|337475
42126|672603
42161|366933
46140|474557
46184|1529852
46211|419217
46317|431918
46332|565854
46374|101986
46397|1234901
46558|215858
42280|330878
42280|348668
42370|116391
42387|30216
42401|1343744
42427|416297
42602|417790
42682|677090
42713|328407
42721|498904
42757|419385
42763|329042
42896|94306
42946|518503
42976|266319
43007|587865
43015|208813
43016|646571
43186|265655
43195|288820
43293|184232
43324|371848
43607|253566
43798|312648
43804|189262
43804|324404
43807|594389
43808|614924
44000|183264
44025|279291
44194|620441
44211|562123
44298|39221
44329|282591
44332|380961
44356|419937
44387|217981
44475|594468
44591|359296
44621|159203
44678|578358
44691|689961
44719|412944
44864|464827
44875|399479
45001|466868
45197|571835
45222|69630
45308|136197
45361|48430
47356|488944
47415|458474
47433|437095
47642|692924
47667|347397
47674|501394
47688|89360
47699|599490
47708|515692
47748|31362
47758|171866
47777|273459
47934|406148
47968|496276
47999|273697
48048|545557
53386|568359
53473|316467
53631|622300
53866|677476
48084|560077
48121|19079
48121|540037
48121|655818
48149|2761
48162|430323
48204|543705
48212|24875
48246|167609
48252|317993
48252|569724
48341|211399
48432|649266
48450|621668
48469|671285
48476|323972
48762|729871
48987|214538
49041|283095
49134|168598
49278|10452
49310|455790
49383|461793
49421|544379
49423|235623
49468|573045
49529|239842
49567|330577
49648|514919
49656|282121
49713|386986
49826|164789
49937|1082402
50033|507176
50084|345398
50131|103236
50241|563900
50258|527487
50319|555492
50348|48959
50590|227
50633|592038
50746|205241
50941|538507
50971|231447
51199|40262
51199|230607
54568|380090
54652|346551
54662|292436
54732|412944
54734|218940
54785|523263
54904|551174
55010|190664
51340|1213618
51355|462508
51579|210131
51621|467524
51717|302644
51797|404554
51799|404554
51816|108452
51875|155685
52008|585812
52226|433987
52266|72967
52322|96602
52393|258915
52596|500481
52640|1472152
52648|1410237
54062|510207
54143|233907
54186|250633
54199|376075
54199|399927
54199|571050
54314|569179
54340|473881
54396|77803
54396|260378
54396|264655
54396|293391
54396|320100
54396|374637
54396|437478
54396|455820
54396|548762
54396|697686
54430|303667
54501|113171
52674|764484
52953|321465
53047|130872
53214|130872
53215|554630
53267|442533
53275|1540379
55133|200875
55151|97079
55163|10644
55163|1276345
55191|415310
55203|1249
55208|518269
55302|181856
55347|64050
55355|220775
55372|1307378
55397|294474
55410|935987
55498|559424
55521|556030
55551|364475
55558|420613
55677|266519
55717|456826
55746|1344323
55798|585948
55979|428969
55984|584738
55993|1585891
56055|7051
56063|140903
56150|530507
56205|289390
56205|438907
56222|71781
56249|1117
56293|447930
56324|790057
56379|353152
56406|570487
56435|218419
56435|275583
56483|338608
56671|70198
56671|248122
56688|668687
56694|546689
56837|276837
56863|557569
57042|539957
57091|385110
57101|689585
57400|432036
57429|82499
57459|296443
61324|107495
61354|578708
61414|311190
61428|534816
61433|637584
61436|1077553
61445|412944
61492|538054
61558|198859
61663|240764
61705|21552
61871|576263
57523|607374
57673|565571
57718|358251
57878|463058
58104|400611
58281|431330
58334|369814
58373|616778
58412|397807
58587|222307
58624|523176
58648|415178
58672|122227
58801|137177
58953|50412
58963|282737
59016|620402
62045|1113260
62083|318109
62092|354667
62106|597632
62175|177489
62312|1016750
62407|320523
62407|412944
62427|764
62511|387384
59668|583925
59704|1343744
59745|431820
59839|1163092
59920|178028
59958|308268
60049|15118
60089|469060
60158|107839
60211|288856
60293|654931
60372|263310
60455|435170
60554|85020
60567|495740
60610|197026
60741|290858
60930|342713
60934|333862
60985|3327
61015|140245
61026|280132
61050|568715
70052|1340091
70206|388465
70295|185040
70489|31434
70533|355561
70616|180670
70643|122772
70692|13657
62833|599642
62856|153824
62881|129717
62889|512809
62902|1338644
63008|139748
63027|715996
63031|751912
63118|638517
63304|191436
63424|474191
63496|396665
63549|391241
63983|410898
64000|381300
64084|131586
64084|699821
64152|239879
64205|1234901
64259|544448
68511|150027
68655|552334
68803|581546
68817|436283
68912|1476812
68917|243166
68940|398906
69121|548232
64277|1348449
64288|673281
64391|205510
64461|338992
64479|162221
64657|47728
64657|76429
64658|497333
64708|1050185
64721|212064
64721|490661
64829|22579
64873|538507
64998|389757
65001|238413
65102|517345
65110|575243
65195|733222
65264|715996
65308|39126
65440|531980
65506|597697
65549|200986
69165|180223
69187|159811
69190|1307708
69246|494080
69247|340946
69298|1472152
69396|932325
69406|737892
69437|466753
69589|146353
69603|17404
69621|295156
69622|424443
69640|372815
69871|225202
69898|509364
65586|57557
65689|301055
65734|462508
65772|290063
65782|366442
65797|420326
65834|510968
65867|690444
65977|109302
66010|152720
66199|577299
66234|99860
66234|307025
66234|508169
66304|684718
66354|119501
66506|18518
66557|111826
66666|517074
66864|458474
69931|234042
69940|420981
67011|530711
67083|148089
67289|188755
67358|128373
67371|334397
67383|1017372
67431|75817
67431|446221
67481|230998
67484|479383
67524|598963
67682|476070
67962|506585
70751|307324
70780|316646
70825|245403
70828|81772
70854|144219
71114|43944
71142|486092
71173|259274
71212|248499
71299|523176
71343|536314
71344|21160
76793|340276
76936|169581
76936|662178
76939|369567
76946|2701
76947|2701
76963|524996
76981|1170503
76999|665985
77098|152567
77108|65048
77165|43151
71486|544725
71495|352890
71497|1101718
71593|155096
71639|1234901
71653|45146
71875|304378
71920|455120
72042|162925
72064|187552
72070|595585
72137|39428
72180|112669
72205|133985
72222|1476812
72282|540267
72415|361202
72444|288516
72589|767706
72634|353839
72693|665914
72798|387315
72862|461540
72909|1216938
72938|404145
73030|503434
77391|164192
77407|92556
77512|411362
73041|319832
73083|29132
73105|364277
73138|34945
73196|365550
73369|609768
73478|506602
73489|616778
73532|138798
73564|335196
73564|363191
73573|1038044
73633|289037
74194|544480
74317|596375
74364|27565
74379|122963
74458|492433
74478|358979
74532|309001
74544|1075083
74583|163533
74595|231251
74652|518922
78068|90698
78077|183133
78100|605787
78102|21748
78256|215877
78265|77430
78280|532183
78469|470092
78492|475465
78637|574161
74706|521985
74716|158099
74756|374106
74815|166785
74860|356110
74929|37800
74929|111521
74970|599253
75183|95615
75184|1246182
75185|536235
75214|600288
75288|403168
75488|5625
75614|162701
75727|593778
75752|267389
75766|238035
75834|318822
77524|960417
77602|251806
77643|509364
77733|491227
77737|44548
77796|39288
77815|583506
77906|517329
77946|563426
77994|699686
76238|151914
76319|362094
76351|215889
76353|45146
76358|491908
76540|431340
76577|287272
76664|162353
76664|532659
76664|540222
76664|552405
85596|56994
85621|1358267
78988|266444
79052|689549
79149|942909
79191|341304
79284|678633
79327|242382
79377|129712
79393|18563
79424|567267
79424|594248
79538|520219
79539|188050
79551|84892
79664|223680
79828|269976
79837|617009
79918|401395
79983|596849
79984|187212
79987|75085
80130|319832
80153|33718
80159|165061
80258|274366
80329|475293
87038|137841
80357|94485
80392|358103
80514|797
80514|56662
80514|115398
80514|529274
80603|445081
80681|472926
80685|379309
80801|543141
80899|577278
81175|251379
81209|424386
81209|590288
81351|395939
81453|275225
81673|527967
81713|1427733
81815|1621
81841|249622
81863|58153
85685|151570
85730|496586
85733|350738
85837|553283
85956|503434
85961|386357
85995|101983
85995|614943
86030|199490
86088|134090
86103|208656
86209|613270
86305|935987
82014|1337318
82057|254556
82259|1031083
82459|1031083
82466|298200
82656|5070
82676|227720
82747|465192
82759|38068
82786|212631
82854|707646
82882|506889
82895|95501
82928|522425
83031|1213618
83093|432437
83105|540953
83200|1079675
83219|121789
83223|472592
83227|502269
83339|263305
83457|412944
83498|178808
83499|538630
83610|478446
83773|537476
86391|369521
86535|543141
86625|92181
86625|279025
86683|152500
86767|1472152
86830|122980
86882|215548
86931|475655
83881|327966
84028|145359
84042|460267
84142|597254
84237|97968
84293|528135
84710|156307
84733|290527
84767|319554
84790|939643
84858|606186
84884|358720
84973|443305
85059|359415
85072|281649
85084|616403
85159|42672
85217|348083
85375|818777
85380|406386
85406|480347
85427|216116
85481|1558899
94849|545370
94864|419439
94884|87968
94989|103662
95004|101468
95179|511851
95201|324851
95266|548117
95351|48539
95416|469730
95464|60906
95532|385785
87159|424151
87243|251806
87321|468520
87423|156608
87435|81150
87486|500018
87495|145878
87581|433461
87712|283095
87895|634400
87991|411338
88103|393293
88126|361932
88147|540006
88168|50658
88181|258722
88196|590023
88203|459340
93210|65143
93661|363829
93673|551687
93728|444397
93770|424659
93851|428956
93856|485569
88270|649928
88320|25930
88330|148872
88428|211005
88623|280065
88631|510950
88807|373166
88816|91483
89261|581527
89609|310252
89618|308497
89618|561601
89771|1298693
89783|323055
89784|551855
93913|466172
93974|18950
93974|23544
93976|132124
94159|242588
94257|401628
94279|288409
94407|304378
94431|272597
94459|192056
94544|207908
94564|398953
94576|123622
89972|95686
89979|324749
89993|543958
90000|1075083
90182|552925
90239|313193
90239|425606
90317|178758
90336|266298
90495|698164
90597|1337979
90633|364633
90700|538507
90702|155685
90702|282121
90757|475906
90832|496151
90852|195308
90888|1403762
90916|640810
90981|399118
91033|97910
91059|283072
91119|383135
91151|530700
91161|15536
91256|454472
91294|350513
91390|35873
91496|56354
91518|97308
91565|91382
91630|267350
91659|959693
91759|256859
91820|110741
91925|24495
91967|479922
92005|170071
92005|575957
92135|33255
92149|155990
92226|252530
92293|491733
92636|1170503
92638|358103
92654|259985
92824|1154090
92890|194786
92942|111791
92967|636774
95581|330962
95604|280487
95699|1277850
95713|372358
95718|249201
95718|525549
95781|444844
95794|181856
95815|383817
95815|673324
95867|1541249
95908|590077
95998|71292
95998|460645
96045|424698
96118|283095
96160|424814
102142|276239
102142|598485
102389|434194
102562|543152
96198|430554
96218|167958
96218|582086
96256|125786
96363|1340091
96392|690655
96407|654774
96452|530960
96491|186019
96575|296121
96612|306578
96612|893152
96612|1103968
96613|246098
96717|151797
97021|276220
97064|1473610
97082|202123
97161|510593
97212|291755
97284|352067
97296|113624
97355|73459
97504|413662
97563|1246182
97596|527034
97619|99086
97619|142500
97639|433461
97642|172593
97663|1236303
97665|602577
102646|468487
102742|1307708
102753|1562408
97948|1361059
98101|339094
98154|370073
98195|407945
98228|94910
98301|409750
98306|242701
98316|1473610
98446|182523
98515|159781
98618|189249
98618|595122
98630|52040
98680|12567
98748|592756
98758|400452
98867|141003
99093|134963
99119|288644
99221|358189
99271|165626
103579|525392
103612|503075
103670|237037
103670|371023
103828|489630
103828|571828
103928|569147
104035|531584
104146|133200
104167|652309
104174|186142
104185|397327
104188|430826
99416|673317
99423|175773
99447|164778
99447|252382
99447|1434874
99490|192124
99558|524602
99558|551881
99621|659500
99753|528722
99753|591140
99786|185256
99911|426499
99932|73132
100027|53923
100040|4465
100085|665732
100140|1307708
100144|216564
100144|583449
100163|566113
100260|469354
100317|221795
100325|181667
100494|401782
100613|222764
100615|232233
100699|128310
100723|51992
100859|303828
102810|386057
102931|521409
103108|63250
103174|39689
103174|423630
103174|631174
103269|416072
103286|1340091
103425|97610
103530|133293
100963|249493
100986|493693
101018|81516
101042|636773
101075|196517
101202|544926
101251|101752
101352|169115
101364|692149
101392|25859
101491|169331
101525|337362
101614|560670
101681|641763
110563|473931
110599|442683
104427|811982
104452|335247
104544|273743
104724|243388
104750|550660
105169|599199
105195|669521
105243|99603
105284|549197
105349|1511674
105353|575599
105394|365652
105434|616778
105467|61918
105558|104192
105558|217653
105558|227465
105558|557718
105728|552572
105781|470551
105781|536314
111906|671742
111909|507221
111916|108118
111916|264888
111978|397104
111979|372742
105928|148366
106169|93154
106307|150518
106402|416559
106513|155685
106514|155685
106530|448731
106563|383547
106601|597695
106846|224993
106904|960797
106996|328043
107013|1246182
107039|698415
107056|74361
107140|83438
107142|516060
107217|492474
107229|460248
107384|107924
110712|412944
110886|1231515
111000|250302
111000|357744
111131|511426
111252|516357
111422|294062
107554|447152
107565|19474
107602|326743
107607|220236
107665|577027
107747|415310
107986|1558899
108078|1305417
108166|1428538
108168|585681
108245|551664
108261|179692
108323|123634
108356|907287
108419|1083085
108439|316575
108483|75267
108595|38968
108599|132322
108605|459703
108606|178832
108630|458880
108656|475293
108757|599870
108777|463406
109032|412944
109069|615945
111438|122772
111583|46130
111583|482591
111868|444414
109191|1162349
109344|308676
109400|105806
109418|764484
109459|263754
109494|97803
109542|1337318
109658|8680
109866|331593
109868|536445
110225|352740
110245|379723
110271|368292
110324|87507
110378|48992
110463|285918
110494|1148150
110540|361202
119307|453368
119315|355129
119450|1484836
119594|550371
119785|185405
119785|535522
119855|411898
119855|462508
119933|98179
119957|462508
112018|207209
112032|179089
112103|592001
112106|383912
112133|650599
112149|52747
112156|142044
112230|329936
112298|25944
112418|284754
112438|480750
112470|377427
112470|457385
112470|583700
112470|607543
112532|541796
112664|490186
112697|1533357
112698|611146
112759|599938
112767|368145
112772|480864
112777|560905
112821|165956
112961|32128
113009|623716
113051|479211
113120|339682
113120|520981
113120|593409
113120|1414541
117837|464888
117844|136806
117888|594271
117923|369252
117924|476366
117939|174332
118090|537298
118165|243557
118207|190287
118317|171034
118375|63377
113206|405978
113314|263305
113404|62583
113445|419409
113531|20039
113542|524972
113591|187832
113602|423538
113626|121214
113741|398516
113850|562232
113867|562123
113919|11985
113996|68918
114009|290891
114228|542707
114244|698496
114261|512869
114261|554495
114360|252222
114364|622776
114438|361202
114460|617318
114504|328396
114563|467759
114684|1340091
114684|1453524
118613|144325
118674|45227
118759|170195
118852|361023
119060|15582
119081|1447860
119096|92190
114744|529949
114813|460766
114825|574457
114885|519471
114916|1363808
114917|573758
114919|1259847
114975|492277
114984|21823
115146|270388
115147|1213618
115242|674976
115290|668768
115298|8987
115397|936812
115418|372032
115437|222307
115443|1472152
115641|277901
115646|229346
115646|355134
115659|396676
115736|284878
115934|481803
115947|1113714
115997|209514
116016|10474
116016|255960
116155|495897
116234|947516
116251|260775
119195|30403
119206|182317
119244|606186
116319|549776
116375|183579
116488|281328
116503|420441
116527|63382
116538|339739
116624|590510
116704|616778
116718|539355
116919|656988
117070|397643
117199|361202
117331|401423
117385|695888
117512|202860
117518|119661
117597|306459
117602|153711
117638|498539
117688|1531582
120108|254626
120238|707646
120268|543189
120332|572776
120478|213357
120518|5987
120583|81171
120620|494183
125356|467759
125437|388465
125451|1476812
125461|254770
125490|85278
125563|358103
125674|404208
125733|387238
125734|387238
125806|320523
126140|261225
126200|354311
120936|34842
120939|366206
120985|935987
121121|226087
121133|554226
121294|280199
121328|32826
121381|151408
121394|497496
121403|697379
121404|697379
121440|601347
121660|194738
121684|538104
121759|1559189
121807|697379
121843|196247
121847|316467
121863|634063
121948|252510
121952|330396
122128|693467
122128|695764
122170|250096
122170|395775
122630|532193
122646|163225
122655|652131
122695|667507
122702|172251
122735|326698
122736|107731
122770|52482
122770|160918
122815|139492
122894|5750
122894|674983
123074|378167
123087|517700
123110|227147
123204|194312
123204|1476812
123397|341863
123448|66702
123470|417802
123509|201427
123565|638843
123578|433987
126946|14971
126946|70621
126946|1574534
127085|1559190
127183|1476812
127407|8525
127410|504506
123604|375979
123619|852
123678|3841
123749|413397
123803|370044
123803|525765
123894|200661
123995|564127
124011|41964
124072|65427
124096|374174
124104|352475
124104|569130
124112|33273
124141|264986
124148|674181
124219|555574
124244|51267
124281|551398
124347|302422
124524|151539
124551|499229
124551|505206
124551|531540
124596|1276255
126294|1509614
126343|510296
126620|399118
126646|90504
126665|1305177
126708|75955
126769|550476
126914|421637
124627|658416
124676|338804
124841|419222
124841|528651
124888|525620
124902|453131
124902|731032
124907|381899
124978|1400503
125015|446667
125022|415310
125041|148089
125269|183830
125269|570223
125288|229463
127419|241156
127458|590626
134180|118271
127640|126084
127746|92346
127777|143451
127940|766661
128012|427941
128360|54981
128440|168060
128441|257399
128454|689805
128484|126121
128578|505301
128667|65555
128705|504096
128766|461657
128771|308432
128779|358103
128882|533365
129086|473810
129116|528401
129133|462666
129166|218254
135690|101111
135710|638200
129247|573736
129384|560950
129455|372202
129494|591861
129530|558478
129592|378708
129621|407437
129705|136970
129731|68077
129750|1171415
129854|458508
129897|55939
129969|439450
130045|43985
130145|114605
130149|135506
130380|767706
130548|434813
130687|679456
134306|387039
134364|155970
134496|421233
134502|907999
134753|333343
134754|1445305
134758|333343
134772|1133375
134820|441594
130887|970216
130997|418687
131059|47009
131191|82765
131203|333
131234|37330
131291|445056
131312|31750
131374|508784
131428|1529852
131962|550393
132091|310638
132413|179251
132466|495
132489|257581
132504|484288
135060|178102
135208|1251779
135377|504031
135549|297155
135574|287267
135621|516706
132635|254756
132644|97801
132659|634063
132786|337978
132837|474377
133089|679743
133421|89085
133455|181630
133564|658136
133614|124686
133623|92187
133654|489716
133959|335431
133967|339341
133985|492019
134092|330793
134147|1148150
143558|463865
143761|519625
143791|214959
143864|136808
143922|433187
144021|550851
144097|80036
144113|468786
135924|445213
136199|160434
136290|362831
136313|671624
136358|121518
136533|249889
136643|226659
136643|579305
136668|390550
136668|390971
136668|394134
136751|542923
136869|1218395
136898|311558
136907|82564
136944|1275317
136949|451420
136999|608402
137012|829345
142023|8347
142089|12395
142093|650199
142103|169370
142177|433987
142258|1340091
142413|319868
142426|58278
142600|466301
142658|53321
142668|46745
142679|458027
142710|518082
137043|217118
137046|147510
137350|396584
137391|424602
137416|178770
137490|222307
137585|570476
137592|43318
137752|260013
137778|374145
137965|471396
137976|512769
138002|81660
138070|497237
138149|1529852
138296|491099
138433|465870
142797|54985
142803|1099523
142881|380090
143003|567569
143117|282591
143181|202964
143182|291225
143187|155685
143247|622349
143297|547634
143310|114605
143323|657080
138450|397807
138611|101756
138725|221504
138777|564572
138884|417538
138908|85071
138918|101468
139155|383899
139169|540857
139181|132593
139232|674732
139259|412944
139366|1072198
139460|340938
139490|143986
139905|209927
139913|174463
140138|1162379
140195|90332
140333|384440
140382|70838
140423|1152538
140508|207473
140904|238808
141351|548364
141486|514938
141513|198618
141516|1476812
141517|4995
141607|602256
141666|54891
141698|165109
141755|252600
141761|312926
141808|267046
141906|265501
141995|271308
144183|110202
144191|413931
144258|514648
144289|545557
144422|681319
144486|1137478
144495|288708
144501|1509614
144511|598810
144559|306268
144615|332463
149916|581731
149937|42672
150137|398516
150192|709910
150268|339986
150307|530425
150516|81002
150516|490337
144815|50412
144991|259093
145017|155336
145043|337096
145552|51890
145552|490008
145608|677090
145663|965950
145723|130218
145820|433987
145828|1028295
145939|612776
146015|481414
146082|249270
146216|401334
146232|692886
150615|310519
146324|446242
146333|305437
146615|385995
146665|588487
146783|617200
146805|98205
147009|616805
147155|10344
147225|359337
147377|653484
147445|257395
147516|518136
147596|1547850
151399|852
151579|478408
151659|98831
151724|64691
151737|621668
151800|72878
151889|679478
152006|403928
152065|390282
152067|254400
147641|216718
147697|564572
147704|1307708
147792|257863
147819|448589
147849|496151
147874|121789
147973|134699
148007|577651
148073|514598
148132|369600
148225|153329
148241|231262
148255|493674
148287|58982
148316|140050
148353|1032600
148354|614416
148434|85071
148453|133593
148454|133593
148509|1277850
148538|1148150
148676|463807
148678|557306
148689|6055
148691|621668
148772|192905
148857|369213
148895|305932
149061|284612
149066|426838
149120|550820
150803|37989
150896|1148150
150962|285669
150999|415878
151110|15409
151159|510345
151159|558912
151176|171896
151187|299873
149322|275380
149365|15890
149510|599938
149553|535706
149694|55027
149704|247740
149721|65862
152118|501414
157248|205628
157360|469044
157480|86411
157591|498793
157713|423790
157772|644998
157810|158846
157826|224508
157899|403042
157946|439665
157951|167642
152293|230766
152320|364132
152428|464218
152495|24291
152513|559937
152573|486257
152621|61161
152696|252784
152787|140771
152858|166141
152976|283095
153001|343750
153081|533501
153093|110865
153100|227401
153132|370476
153178|601347
153328|1541698
153397|540345
153541|481817
153564|455120
153572|532065
157977|1192322
158021|322178
153791|686443
153924|543706
153993|429268
154369|250142
154392|333972
154415|425972
154435|1472152
154450|624333
154550|112185
154679|318878
154717|443335
154766|233290
154795|296786
154831|73233
154943|155685
154994|478521
155016|378144
155018|121494
155029|108927
155049|347260
155096|168034
158705|751692
158709|229946
158799|341474
158813|1514275
158907|409579
158924|433607
159013|227401
159054|417050
159114|470500
159151|139492
159222|290545
159281|625911
159282|593611
159307|260775
159381|166516
159453|368495
155237|347485
155570|320194
155720|43759
155802|355330
155920|691692
155935|45404
155935|409067
155960|488403
155961|79626
156058|80064
156058|528279
156089|529087
156162|524681
156329|502747
156329|586931
156398|133883
156398|404265
156398|587019
156398|617692
156509|236583
156552|476882
158042|408865
158105|384686
158285|351037
158354|7051
158457|476953
158464|509108
158505|405914
158532|203251
158584|396198
158587|24883
156677|220690
156726|591294
156883|198982
156901|14780
156987|369252
157016|495851
157093|143182
157093|343465
165635|279898
165640|563063
165649|1391905
165651|131592
165695|498631
159710|173292
159808|38393
160073|97801
160118|45694
160159|764484
160175|279625
160182|451609
160182|531165
160201|677813
160401|263608
160448|246259
160449|110767
160476|461646
160484|619545
160495|648029
160549|114100
160663|155685
160746|33610
160779|1263072
160818|82765
160837|426575
160961|75339
161093|330667
161270|58447
167026|492120
167128|246905
161414|233528
161476|355129
161496|86496
161496|432685
161528|293549
161549|93307
161679|522595
161686|454921
161709|386406
161731|63350
161731|161916
161820|265472
161996|684613
162137|402047
162180|338193
162213|464218
162237|1476812
162238|388961
162315|608402
162407|976878
162474|54583
162586|407437
162595|335247
162622|413341
165719|1509614
165731|336230
165806|840675
166046|907999
166164|458474
166222|119962
162823|65482
162872|91947
162872|384135
162949|465708
162983|164476
163241|538890
163242|205444
163288|645648
163363|959693
163416|1269012
163529|274348
163604|387138
163605|166088
163605|460297
163606|254392
163632|332677
163690|174006
163789|435539
163900|1148150
164119|499381
164176|339444
166356|1332270
166370|436767
166531|278004
166617|364276
166667|293138
166740|227028
166762|608254
166927|1165176
166968|973771
164303|51286
164322|591272
164332|503348
164555|831263
164625|682261
164654|497496
164730|482212
164800|206438
164904|388181
164904|427565
164904|479594
164904|480173
164964|331322
165019|532205
165034|425132
165044|1361059
165093|347260
165116|286223
165166|531146
165351|186916
165491|4405
165505|17434
174847|331441
174876|545878
175063|220113
175114|134747
175288|223131
175412|555574
167232|164192
167425|332598
167694|846665
167726|572203
167803|87481
168023|127723
168092|1335216
168148|90538
168254|172968
168256|96261
168400|1137478
168440|317972
168459|591034
168509|340664
168509|583500
173354|76736
173355|76736
173511|398005
173710|1130604
173724|57227
173908|460928
174047|597288
168618|561520
168623|388628
168880|265026
168880|786255
169268|729871
169441|528966
169509|474176
169649|31153
169950|284107
170009|429070
170029|330266
170056|220758
170081|619409
174224|125558
174242|297178
174385|543964
174404|363829
174465|518922
170184|339181
170207|532192
170328|24241
170510|922523
170561|109740
170702|225404
170716|1269456
170731|304898
170749|1154090
170841|468474
170871|481130
170871|498823
170873|550803
170890|431565
170922|188146
170998|445056
171042|1560267
171150|355129
171275|203005
171336|500354
171366|510207
171369|561447
171369|580237
171369|586782
171419|557541
174680|585091
174688|1309345
174698|437015
171605|445056
171608|497333
171723|161141
171810|660844
171845|344443
171898|554953
171971|71080
172011|1361059
172142|586324
172164|1111423
172207|580316
172245|349431
172267|524100
172291|131970
172422|520720
172485|275172
172499|214081
172502|7249
172502|247537
172517|21124
172525|691108
172551|1428188
172748|158105
172861|74774
172925|59986
172946|249545
172960|321097
172997|411945
173015|515425
173091|301962
173110|92405
173110|642571
173160|137042
173230|358103
175495|576337
175564|452407
175724|555950
175726|356110
175778|443184
175783|415310
175826|107505
175892|314775
175894|314775
175897|44705
175897|392459
175897|596627
176007|463120
176007|545976
176153|590348
176328|502481
176391|165901
176399|173375
182269|528862
182284|1234901
182448|554044
182454|1509614
182476|659588
182589|274070
182722|1298693
182776|336002
182901|610722
182905|442812
182916|695393
182987|582696
183050|539096
183083|214538
183083|279881
183095|642637
176508|553875
176510|42672
176616|140306
176645|693258
176669|409364
176669|418310
176749|27396
176792|1234901
176797|66544
176900|264043
177129|358036
177372|569308
177476|617591
177572|122174
177643|256623
177913|544708
177914|591140
177946|567902
178049|444240
178086|854659
178116|605432
178163|181002
178163|380572
178346|321259
178388|458779
178614|174532
178926|98522
179080|299518
179080|441830
179081|658760
179213|528401
179231|653715
179249|321097
179323|130872
179422|132111
179442|581136
179445|476737
179516|416571
179519|70267
179597|122249
179672|303039
179824|27074
183907|432685
184128|580919
184333|648622
184399|174006
180039|447840
180187|266565
180200|141003
180440|445753
180560|408945
180580|440262
180667|507261
180677|294095
180774|316299
180776|262703
180815|491908
181324|497333
181338|16539
181431|1484836
181433|226894
181481|273518
183315|607912
183321|217751
183518|600967
183603|293583
183603|544625
183616|58116
183619|4591
183800|169820
183800|400837
183800|653693
181596|167080
181622|458474
181764|58754
181764|573891
181850|351525
181851|351525
181899|1472152
181902|587339
181915|520602
182037|1338644
182139|213374
182242|373367
184460|571689
190611|583591
184516|265588
184585|577165
184585|582960
184596|518279
184596|1442044
184597|424457
184605|429647
184605|509735
184633|1264
184662|279981
184679|381261
184814|577424
184825|423667
184829|405595
184839|158581
184842|20007
184852|329058
185005|63045
185036|99976
185089|173115
185089|422256
185120|55401
185219|550148
185331|394440
185335|97072
185357|150266
185379|425175
185463|674372
185602|568519
185616|699686
185631|493655
185762|480622
185784|129940
192350|77627
185809|267350
185867|663109
185868|663109
185929|642226
186047|75817
186079|158423
186225|390210
186236|597443
186346|269353
186346|575481
186552|604994
186694|508917
186874|586671
186889|409793
186941|598236
186971|285281
187155|576789
187183|233554
190764|222752
190830|664083
190935|642004
191009|122862
191039|138926
191112|435359
191118|280667
191215|935987
191233|1234901
191391|282397
187386|96602
187432|425550
187434|301154
187493|583321
187520|370161
187583|83447
187620|149534
187753|572398
187893|352336
187928|330964
187981|318667
187992|581527
188013|829345
188070|566758
188092|449491
188135|662757
188229|442452
188252|497333
188326|355129
188340|572203
188370|583178
188372|1398029
188427|311099
188512|159811
188517|567052
188517|586671
188612|211017
188656|503172
188656|554968
188722|468474
188778|599122
191528|479460
191551|582682
191655|502883
191869|227976
191972|276239
191980|574119
192084|308062
192110|209923
192114|341564
188926|412403
189011|311679
189060|345160
189098|433987
189118|360060
189284|140961
189301|282509
189467|358103
189549|250822
189727|444172
189739|1002646
189840|260059
189876|717896
189895|961589
190000|644186
190098|620441
190330|355672
190388|554395
190464|153004
190491|616778
190494|531745
190532|102127
190550|564365
192511|128651
192575|1073266
192634|118128
192661|391250
192713|591897
